indiv	community.1	community.11	community.13	community.14	community.15	community.16	community.17	community.18	community.19	community.2	community.20	community.21	community.22	community.23	community.25	community.27	community.28	community.29	community.3	community.30	community.31	community.32	community.33	community.36	community.37	community.4	community.6	community.8	community.9	priass	mean_het_comm	wt_avg_het_comm	species
AC_1603_72852	4.71E-06	0.002706623	0.002223389	0.002334861	0.001875526	0.00215282	0.001916246	0.001664313	0.001916639	0.002038873	0.000986149	0.00134483	0.001574508	0.002295887	0.002718377	0.001520776	0.00096855	0.00214215	NA	0.001445981	0.001836673	0.001651703	0.001917749	0.002323106	0.001972411	0.001538169	0.001691697	0.00161488	0.001674179	1321568138	0.001860496	0.001573411	AC
AC_1603_72872	0.000770395	0.002747962	0.001876881	0.002453557	0.001979137	0.002038529	0.00192952	0.001517505	0.001995254	0.001872086	0.001091734	0.001803523	0.001664868	0.002198321	0.002607321	0.001487965	0.000963416	0.002334963	NA	0.001504313	0.001790832	0.001581326	0.001800598	0.002286242	0.002396463	0.00145188	0.001618344	0.001608048	0.001586659	1293676373	0.001869253	0.001582036	AC
AC_1713_89780	0.000708655	0.002627521	0.002271654	0.002475451	0.001995995	0.002057007	0.001877318	0.001719704	0.001963117	0.002218086	0.001061913	0.001871468	0.001582915	0.001958935	0.002522488	0.001443276	0.001013747	0.002085806	NA	0.00144892	0.002073622	0.001804877	0.001947925	0.002360911	0.002552212	0.001590873	0.001641922	0.001613786	0.001633049	1299709869	0.001914671	0.001616652	AC
AC_1873_10093	0.000669694	0.002405664	0.002239326	0.002273474	0.001893382	0.001760628	0.001931978	0.001866084	0.001820336	0.002124064	0.001100261	0.00164463	0.001593758	0.002247421	0.002698172	0.001517196	0.001063174	0.002069923	NA	0.001515495	0.002031729	0.001488072	0.001924119	0.002257719	0.001855292	0.001552164	0.001412375	0.001556701	0.001591619	1272752777	0.001840121	0.001568721	AC
AC_1873_10702	5.45E-06	0.002740094	0.001756901	0.002179604	0.001334912	0.002144114	0.001946994	0.001683944	0.001723705	0.002045203	0.001059748	0.001778681	0.001435392	0.002164856	0.002457574	0.001254874	0.000762453	0.002309764	NA	0.001432204	0.002100491	0.001540173	0.001829103	0.001952044	0.002318852	0.001434499	0.00172885	0.001444194	0.001650498	1342494497	0.001790739	0.00153492	AC
AC_1873_10717	4.16E-06	0.002873123	0.002490441	0.002476739	0.00184463	0.001673011	0.001897832	0.001686138	0.001877914	0.002168222	0.001024257	0.001797412	0.001544492	0.002166126	0.00254212	0.001554977	0.000980591	0.00236948	NA	0.001335796	0.002001681	0.001815426	0.00183944	0.002386609	0.002584521	0.001517412	0.001629366	0.00154208	0.00153036	1309202568	0.001908455	0.001567972	AC
AC_1873_10752	2.02E-06	0.002642254	0.002157821	0.002342087	0.001785188	0.00195119	0.001580067	0.001733932	0.001902772	0.002109605	0.00102624	0.001824441	0.001645146	0.002089042	0.002617638	0.00156854	0.001067947	0.002094857	NA	0.00148572	0.001746631	0.001799572	0.001750689	0.00153766	0.002708663	0.001554076	0.001578522	0.001596913	0.001598138	1308536196	0.001842201	0.001576394	AC
AC_1873_10831	3.67E-06	0.002722071	0.002124809	0.002469727	0.001837993	0.001976892	0.001897341	0.001762925	0.001853675	0.002036294	0.001058219	0.00174954	0.001604798	0.00197059	0.002661918	0.001461766	0.000989702	0.002313047	NA	0.001292402	0.00214346	0.001879731	0.001820228	0.002472849	0.002470211	0.001410763	0.001680159	0.001596652	0.001658861	1337610544	0.001894529	0.001581425	AC
AC_1873_20908	0.00070938	0.00274739	0.002053778	0.002043808	0.001776143	0.00189548	0.001900916	0.001536976	0.001785214	0.002027618	0.001007808	0.001889081	0.00157054	0.002306445	0.002456284	0.00156854	0.000933586	0.002395212	NA	0.001586157	0.002101516	0.001827662	0.001948447	0.002279649	0.002056344	0.001452815	0.001394108	0.001489933	0.001686792	1298235983	0.001847363	0.001553265	AC
AC_1873_20930	5.00E-06	0.00283536	0.002023953	0.002216308	0.001836113	0.002052329	0.001915709	0.00179617	0.001869543	0.002162907	0.00104082	0.001875791	0.00159148	0.002055866	0.002746034	0.001702186	0.000895114	0.001995832	NA	0.001402458	0.001815188	0.001713034	0.001934351	0.002193409	0.002473898	0.001527368	0.001514244	0.001657632	0.001726602	1310478001	0.001878581	0.001595793	AC
AC_1873_20934	0.00075841	0.002445859	0.002189694	0.002285136	0.00200181	0.002145411	0.00202257	0.001486961	0.001906667	0.001931329	0.001115892	0.001807473	0.001515459	0.002263692	0.00276022	0.001402546	0.001076119	0.002292017	NA	0.001074985	0.001741453	0.001881295	0.001883398	0.002278707	0.002607523	0.001530745	0.001686592	0.001740897	0.001666888	1292683127	0.001887479	0.001601824	AC
AC_1873_20946	7.45E-06	0.002801173	0.002259815	0.002458566	0.002056964	0.002101093	0.002036514	0.001712883	0.001932544	0.002221681	0.000914317	0.001817907	0.001628606	0.00182277	0.002142173	0.001611628	0.000972745	0.002343393	NA	0.001370775	0.001863747	0.001611347	0.001765516	0.00213892	0.002711122	0.001617663	0.001607386	0.001603166	0.00165071	1315214563	0.001889401	0.001581462	AC
AC_1873_20954	0.000744074	0.002616507	0.001839999	0.002131525	0.001902016	0.002066037	0.002003575	0.001567841	0.001880644	0.001966969	0.000822809	0.00176298	0.001578122	0.002250364	0.002283036	0.001554472	0.001040612	0.002310385	NA	0.001469162	0.00198358	0.001720608	0.001634373	0.002408808	0.002628769	0.001423326	0.001595203	0.001568545	0.00160154	1272337656	0.001846549	0.001531517	AC
AC_1873_20970	6.77E-06	0.002811901	0.001430427	0.002085663	0.001801752	0.001819672	0.001850413	0.001735724	0.001856659	0.001972987	0.001058024	0.001752994	0.001528974	0.002163299	0.00257078	0.0014982	0.00104242	0.002308167	NA	0.001506062	0.002016551	0.001664521	0.001669665	0.002297543	0.002045106	0.001602807	0.001683923	0.001624929	0.001585886	1393409187	0.001823045	0.001591121	AC
AI_1363_74536	8.19E-05	0.000328994	0.000294145	0.000252417	0.000181556	0.000252061	0.000243933	0.000203215	0.000218193	0.000245646	0.00012503	0.000177575	0.000171684	0.000197382	0.000289034	0.000188149	0.000101349	0.000266283	NA	0.000175556	0.000191415	0.000214198	0.000188674	0.000281862	0.000302192	0.000183048	0.000171677	0.000169674	0.000168784	1232403123	0.000215959	0.000179467	AI
AI_1363_74537	8.91E-05	0.00035088	0.000300064	0.000309583	0.000212569	0.00026637	0.000267397	0.000213057	0.000194972	0.000246662	0.000123236	0.000166868	0.000157109	0.000234943	0.00027456	0.00018221	0.00011856	0.000298226	NA	0.000180244	0.000227463	0.000225023	0.000216552	0.00032922	0.000304826	0.000177884	0.000235993	0.000156784	0.000183466	1240986351	0.000229664	0.000187517	AI
AI_1363_74539	4.00E-05	0.000298098	0.00031509	0.000335913	0.000179441	0.000293137	0.000251978	0.00022734	0.000220085	0.000230015	0.000124998	0.000217	0.00019011	0.000201536	0.00022154	0.000189413	0.000109413	0.000304082	NA	0.00018453	0.000264074	0.000208832	0.000199742	0.000377923	0.000299207	0.000192657	0.00022586	0.000183658	0.000173221	1229857467	0.000232526	0.000194411	AI
AI_1363_74544	7.90E-05	0.000150193	0.000195793	0.000240254	0.000185373	0.000251644	0.000243084	0.000212014	0.000204071	0.000164754	0.000119159	0.000211858	0.000117154	0.000180938	0.000271838	0.000143671	8.57E-05	0.000207631	NA	0.000176617	0.000212233	0.000219227	0.000180739	0.000200869	0.000211587	0.000194114	0.000222689	0.000169944	0.000188988	1191608649	0.000191275	0.00017946	AI
AI_1363_74563	8.86E-05	0.000268488	0.000178263	0.000293628	0.000195359	0.000208762	0.000296939	0.000242692	0.000241632	0.000257292	0.000121223	0.00020684	0.000173727	0.000193805	0.000302934	0.000188149	0.000102615	0.000267259	NA	0.000192171	0.000203978	0.000211193	0.000186272	0.000225355	0.000284457	0.000183371	0.000220588	0.000172948	0.000181135	1222097268	0.000216151	0.000188369	AI
AI_1363_74565	5.29E-05	0.00034244	0.00021264	0.000218862	0.000206519	0.000270168	0.000232715	0.000256626	0.00020025	0.000229546	0.000122425	0.00019961	0.000190307	0.000239155	0.000272554	0.000173744	0.000118886	0.00026087	NA	0.000177979	0.000234129	0.000241583	0.000192537	0.000280247	0.000240735	0.000194279	0.000199484	0.000154531	0.000184513	1226430096	0.000217801	0.000186574	AI
AI_1603_79174	6.78E-07	0.000318695	0.000132274	0.000255422	0.000192892	0.00027202	0.000319106	0.000232876	0.000214699	0.000206177	0.000125986	0.00023593	0.000186771	0.000201882	0.00027628	0.000197542	0.000118886	0.000290151	NA	0.000164604	0.000249153	0.000220209	0.000269698	0.000334871	0.000346089	0.000182444	0.000210635	0.000194572	0.000185884	1255738407	0.000228841	0.000194421	AI
AI_1603_79203	8.07E-07	0.000350308	0.000300975	0.000272665	0.000202525	0.000299389	0.00027276	0.000217818	0.000201414	0.000230484	0.000128321	0.000221323	0.000166224	0.000176611	0.000282155	0.000196868	0.000111871	0.000305058	NA	0.000148949	0.000242794	0.000249954	0.000258735	0.000317649	0.000378398	0.000194503	0.000197783	0.000168033	0.00017175	1265657680	0.000234368	0.000189432	AI
AI_1603_79218	7.63E-05	0.000352882	0.000238594	0.000221724	0.000222789	0.000247986	0.000273743	0.000227955	0.000189295	0.000222512	9.98E-05	0.000218565	0.00017306	0.000226981	0.000284735	0.00018419	9.50E-05	0.000221118	NA	0.000186609	0.000175314	0.000211346	0.000180425	0.00032034	0.000341524	0.000189529	0.000194186	0.000177356	0.000179465	1227979902	0.000218368	0.000182518	AI
AI_1603_79232	7.01E-05	0.000343012	0.000300975	0.000318169	0.000171394	0.000271557	0.000230302	0.000206451	0.000215645	0.000242286	0.000118882	0.000217373	0.000158013	0.000211114	0.000315114	0.00020129	0.000113715	0.000265661	NA	0.000185821	0.000237923	0.000237688	0.000271264	0.000368371	0.00033134	0.000196059	0.000190873	0.000175446	0.000203944	1240811908	0.000234451	0.000192117	AI
AI_1603_79302	9.59E-07	0.000236161	0.000200802	0.000297778	0.000176093	0.000283783	0.000256849	0.000242665	0.000179286	0.000231422	0.000118643	0.000231583	0.000181113	0.000193343	0.000319126	0.000202933	0.000115849	0.000264419	NA	0.000185176	0.000224078	0.000200429	0.000217701	0.000287512	0.000215625	0.000183429	0.000198878	0.000175127	0.000166628	1244923287	0.000216146	0.000185622	AI
AI_1603_79315	1.11E-06	0.000284938	0.000327612	0.000303502	0.000180909	0.000221265	0.00030105	0.000221616	0.000177539	0.000211648	0.000124369	0.000231806	0.000138133	0.000200844	0.000267395	0.000190592	0.000114438	0.000317126	NA	0.000161235	0.000247563	0.000225667	0.000223652	0.000374156	0.000295344	0.000176626	0.000201418	0.00017614	0.000190384	1247131528	0.000226792	0.000187226	AI
AI_1703_64680	7.17E-05	0.000295523	0.000238594	0.000209418	0.000178912	0.000262064	0.000270838	3.17E-05	0.000203853	0.000245412	0.000123041	0.000205225	0.000178363	0.000198651	0.00020678	0.000204828	0.000101603	0.000232476	NA	0.000176818	0.000272432	0.000232107	0.00021958	0.000380076	0.000275502	0.000171676	0.000225693	0.000181495	0.0001717	1220361116	0.000212411	0.000180393	AI
AI_1833_00513	7.31E-05	0.000307824	0.000193061	0.000209775	0.000203699	0.000248124	0.000279061	0.000249539	0.00019075	0.000177103	0.00012323	0.000223434	0.000175299	0.000184169	0.000267539	0.000170459	0.00010435	0.000273026	NA	0.0001391	0.000230078	0.00023318	0.000217701	0.000257644	0.000257943	0.000191987	0.000188784	0.000153837	0.000176736	1221611311	0.000209642	0.000180234	AI
AI_1833_00687	6.47E-05	0.000263339	0.000212413	0.000244476	0.000199999	0.000239418	0.000222749	0.000217738	0.000164291	0.000215634	0.000118265	0.000203958	0.000193724	0.000198767	0.000282728	0.000219865	0.000120115	0.000310737	NA	0.000183914	0.000226796	0.000243146	0.000205276	0.000347114	0.000277433	0.00016494	0.00018257	0.000162923	0.000179877	1218349663	0.000216243	0.000180502	AI
AW_365326	0.001072899	0.00367687	0.002195158	0.0033001	0.002685154	0.003163981	0.002937788	0.00263615	0.00281325	0.003004342	0.001720728	0.002800283	0.002414072	0.00314092	0.003667015	0.002332466	0.001496992	0.003231504	NA	0.00241534	0.002774982	0.002777003	0.002576385	0.003219681	0.003586617	0.002456903	0.002717595	0.002566035	0.002459993	1372427752	0.002781051	0.002484979	AW
AW_365327	0.001117976	0.003795451	0.002742923	0.003081882	0.002767209	0.003217885	0.002969654	0.002618497	0.002814997	0.003111495	0.001707632	0.002838764	0.002383075	0.00312638	0.003588344	0.002336299	0.001529642	0.003277556	NA	0.002366942	0.002702118	0.002756058	0.002511754	0.003191293	0.003425249	0.002493534	0.002662007	0.002473055	0.002403108	1312420807	0.002788065	0.002465926	AW
AW_365335	7.89E-06	0.003743527	0.00255988	0.00329502	0.002715756	0.003077197	0.002969028	0.002602637	0.002830174	0.003122202	0.00178059	0.002807761	0.002361349	0.003181885	0.00363119	0.002314397	0.001494352	0.00326886	NA	0.002378568	0.002706681	0.002748944	0.002645924	0.003172861	0.003374328	0.002427687	0.002634496	0.002569978	0.002385323	1373055325	0.002785203	0.002474921	AW
AW_365337	0.001103465	0.003810328	0.00255305	0.003152928	0.00271834	0.00313564	0.002969877	0.002645377	0.002697875	0.003088907	0.00171872	0.002808506	0.002421065	0.003102205	0.003590637	0.002327201	0.001532607	0.003242507	NA	0.002412372	0.002788211	0.00272067	0.002477193	0.003217394	0.003216999	0.002411068	0.002754311	0.002566019	0.002441135	1289904479	0.002772308	0.002475465	AW
AW_365338	0.001124969	0.003429695	0.003010204	0.003403915	0.002693377	0.00315671	0.003020737	0.002617909	0.002853795	0.003120639	0.001713202	0.002755219	0.002426526	0.003146805	0.003630904	0.002148276	0.001500463	0.003246145	NA	0.002370956	0.002716526	0.002820824	0.00262003	0.00323327	0.003557645	0.002468407	0.002716744	0.002487235	0.00251674	1294484186	0.002802545	0.002478985	AW
AW_365339	1.02E-05	0.003700329	0.002804621	0.003302604	0.002722158	0.003087015	0.002936	0.002620691	0.002757819	0.002997933	0.001747975	0.002774372	0.002362724	0.003186789	0.003695388	0.002257872	0.001526605	0.003188736	NA	0.002403111	0.002739088	0.002772648	0.002591212	0.002662012	0.003387673	0.002498971	0.001835502	0.002557619	0.002510895	1334238417	0.002735287	0.002420397	AW
AW_366487	0.00117056	0.00374081	0.00303206	0.00330611	0.002764566	0.002892702	0.002949497	0.002592474	0.002808737	0.003045062	0.001792301	0.002696491	0.002423108	0.003151363	0.003671171	0.002345734	0.001530329	0.003161939	NA	0.002331862	0.002706271	0.002753574	0.002586304	0.003333906	0.003445267	0.002355178	0.002637526	0.002551276	0.002432959	1314247781	0.002792524	0.002462018	AW
AW_366488	1.06E-05	0.003815477	0.002653906	0.003166165	0.00272392	0.003083356	0.002910927	0.002534355	0.002763861	0.002978863	0.001783944	0.002741034	0.002306936	0.003197982	0.003702696	0.002328507	0.00153644	0.003204441	NA	0.002375816	0.002724013	0.002789484	0.002582546	0.003086083	0.003387497	0.002447261	0.002722726	0.002526933	0.002475485	1313060725	0.002772122	0.002476245	AW
AW_366490	0.001112258	0.003810471	0.0029032	0.003409281	0.002758693	0.003102204	0.002646749	0.002623338	0.002807608	0.003035214	0.001761825	0.002731395	0.002388339	0.003115995	0.003592213	0.002284576	0.001513443	0.003137005	NA	0.002392044	0.002745857	0.00276627	0.002608858	0.003127925	0.00347898	0.002453633	0.002666803	0.002582893	0.00247657	1302773274	0.002786339	0.002479763	AW
AW_366493	8.96E-06	0.003755686	0.002806442	0.003279638	0.002690205	0.003106418	0.002807419	0.002630292	0.002695	0.002991134	0.001768829	0.002733034	0.002342962	0.003122053	0.003685787	0.002340764	0.00149052	0.003224494	NA	0.002427611	0.0027918	0.002706258	0.002576803	0.003223718	0.003484248	0.002452648	0.002717234	0.002608632	0.002436362	1311974618	0.002786909	0.002484213	AW
AW_366494	6.61E-06	0.003726792	0.002632278	0.003236209	0.002702246	0.00317704	0.002899709	0.002634973	0.002825078	0.002984178	0.001805522	0.002753927	0.002330705	0.003126034	0.003705706	0.002293547	0.00154161	0.003199117	NA	0.002340707	0.002794415	0.002724718	0.002481056	0.003233539	0.003263179	0.002448808	0.002707037	0.002551799	0.002426341	1308193352	0.002773843	0.00248022	AW
AW_366497	0.001124641	0.003678873	0.002734727	0.00314098	0.00274066	0.003122488	0.002949899	0.002475835	0.002729467	0.003094378	0.00176976	0.002747269	0.002392503	0.003105955	0.00363248	0.001946775	0.001510515	0.003253332	NA	0.002345782	0.002730986	0.002663234	0.001689608	0.003171785	0.003486355	0.002477635	0.002688138	0.00258148	0.002419698	1285210154	0.002725419	0.002454724	AW
AW_366498	1.01E-05	0.003774567	0.002952604	0.00329824	0.002629295	0.003143651	0.002922905	0.002620798	0.002733033	0.00297558	0.001773687	0.00270762	0.00225716	0.003188924	0.003568855	0.002160786	0.001516806	0.003220413	NA	0.002338299	0.002729807	0.002736647	0.00266618	0.003184432	0.003496715	0.002407906	0.002542902	0.002577938	0.002460865	1326831416	0.002774067	0.00245646	AW
AW_366499	1.11E-05	0.003744815	0.002255034	0.003126814	0.002671821	0.003129388	0.002882056	0.00258552	0.002706173	0.003031306	0.001768143	0.002782893	0.002424562	0.003182693	0.003557535	0.002353821	0.001524435	0.003181282	NA	0.002325655	0.002655661	0.002780468	0.002522822	0.003214703	0.003396277	0.002435963	0.002669484	0.002558101	0.002473429	1314134882	0.002748747	0.002468439	AW
CY_8788	3.11E-05	0.000463739	0.000338084	0.000376194	0.000223611	0.000246967	0.000247196	0.000194549	0.000216955	0.000307312	9.91E-05	0.000194791	0.000192664	0.000289582	0.000458843	0.000197794	0.000145968	0.000310116	NA	0.000151271	0.000255049	0.000206992	0.00030854	0.000389225	0.000498853	0.000142759	0.000154995	0.000154474	0.000147159	1185719108	0.000260216	0.00017794	CY